before: 

[[[0.068, 0], [0.005833333242632847, array([2.06646559e-03, 3.18419865e-05, 2.95549072e-06, 1.09074392e-05,
       4.91645525e-06])], [-0.0017317215498086926, array([2.06646559e-03, 3.18419865e-05, 2.95549072e-06, 1.09074392e-05,
       4.91645525e-06])], [0.3038801158999442, array([2.06646559e-03, 3.18419865e-05, 2.95549072e-06, 1.09074392e-05,
       4.91645525e-06])], [1.015926623842906, array([2.06646559e-03, 3.18419865e-05, 2.95549072e-06, 1.09074392e-05,
       4.91645525e-06])], [0.9229760316849485, array([2.06646559e-03, 3.18419865e-05, 2.95549072e-06, 1.09074392e-05,
       4.91645525e-06])]]]

after:

[[[0.068, 0], [10.149541146939256, array([2.67515000e-04, 1.43956402e-05, 3.45157120e-07, 1.08042926e-05])], [-3.2890407060212113e-07, array([2.67515000e-04, 1.43956402e-05, 3.45157120e-07, 1.08042926e-05])], [0.3140186658238046, array([2.67515000e-04, 1.43956402e-05, 3.45157120e-07, 1.08042926e-05])], [1.006454609624089, array([2.67515000e-04, 1.43956402e-05, 3.45157120e-07, 1.08042926e-05])]]]

red: 
0:
[[[0.068, 0], [0.6780505806448939, array([1.46786160e-04, 9.28426382e-06, 6.63204381e-05, 1.01643893e-04])], [0, 0], [0.4413451768025936, array([1.46786160e-04, 9.28426382e-06, 6.63204381e-05, 1.01643893e-04])], [-0.02255043242743377, array([1.46786160e-04, 9.28426382e-06, 6.63204381e-05, 1.01643893e-04])], [0.8916489213169273, array([1.46786160e-04, 9.28426382e-06, 6.63204381e-05, 1.01643893e-04])]]]

1:
[[[0.068, 0], [1.344774216688792, array([2.00089658e-04, 9.86435247e-06, 5.90835150e-05, 4.82369585e-05])], [0, 0], [0.4950555696694117, array([2.00089658e-04, 9.86435247e-06, 5.90835150e-05, 4.82369585e-05])], [-0.26397921797573815, array([2.00089658e-04, 9.86435247e-06, 5.90835150e-05, 4.82369585e-05])], [0.8429008455496203, array([2.00089658e-04, 9.86435247e-06, 5.90835150e-05, 4.82369585e-05])]]]
2:
[[[0.068, 0], [2.163853676787329, array([3.66529233e-04, 1.10134446e-05, 7.07549127e-05, 3.52643043e-05])], [0, 0], [0.4619987704305731, array([3.66529233e-04, 1.10134446e-05, 7.07549127e-05, 3.52643043e-05])], [-0.09385493693060713, array([3.66529233e-04, 1.10134446e-05, 7.07549127e-05, 3.52643043e-05])], [0.7411623457429308, array([3.66529233e-04, 1.10134446e-05, 7.07549127e-05, 3.52643043e-05])]]]
3:
[[[0.068, 0], [3.2177859442536576, array([1.96828187e-04, 1.14544366e-05])], [0, 0], [0.34080782169782153, array([1.96828187e-04, 1.14544366e-05])], [0, 0], [0.9, 0]]]
4:
[[[0.068, 0], [9.410961021269644, array([8.65727953e-04, 1.23575645e-05])], [0, 0], [0.24375162841468767, array([8.65727953e-04, 1.23575645e-05])], [0, 0], [0.9, 0]]]



blue: 
0:
[[[0.068, 0], [0.24483141362484764, array([2.02899981e-05, 1.60346596e-06, 1.01405879e-05])], [0, 0], [0.40431234324720383, array([2.02899981e-05, 1.60346596e-06, 1.01405879e-05])], [0, 0], [1.0141259305009074, array([2.02899981e-05, 1.60346596e-06, 1.01405879e-05])]]]
1:
[[[0.068, 0], [1.4882568275908339, array([9.28268477e-05, 4.02881362e-06, 9.01419730e-06])], [0, 0], [0.41405895812560994, array([9.28268477e-05, 4.02881362e-06, 9.01419730e-06])], [0, 0], [0.96130329113504, array([9.28268477e-05, 4.02881362e-06, 9.01419730e-06])]]]
2:
[[[0.068, 0], [0.8381338767607531, array([4.78466488e-05, 2.63313746e-06, 8.99027423e-06])], [0, 0], [0.40296139882322807, array([4.78466488e-05, 2.63313746e-06, 8.99027423e-06])], [0, 0], [0.9650389913583298, array([4.78466488e-05, 2.63313746e-06, 8.99027423e-06])]]]
3:
[[[0.068, 0], [1.3420924171139097, array([9.82137918e-05, 4.90189135e-06, 9.22794506e-06])], [0, 0], [0.40678962049269335, array([9.82137918e-05, 4.90189135e-06, 9.22794506e-06])], [0, 0], [0.8539592637295355, array([9.82137918e-05, 4.90189135e-06, 9.22794506e-06])]]]
4:
[[[0.068, 0], [6.090269331146175, array([4.83608763e-04, 6.55891342e-06, 9.10477235e-06])], [0, 0], [0.43159345804904165, array([4.83608763e-04, 6.55891342e-06, 9.10477235e-06])], [0, 0], [1.0111533335939407, array([4.83608763e-04, 6.55891342e-06, 9.10477235e-06])]]]