before: 

[[[0.068, 0], [0.005833333242632847, array([2.06646559e-03, 3.18419865e-05, 2.95549072e-06, 1.09074392e-05,
       4.91645525e-06])], [-0.0017317215498086926, array([2.06646559e-03, 3.18419865e-05, 2.95549072e-06, 1.09074392e-05,
       4.91645525e-06])], [0.3038801158999442, array([2.06646559e-03, 3.18419865e-05, 2.95549072e-06, 1.09074392e-05,
       4.91645525e-06])], [1.015926623842906, array([2.06646559e-03, 3.18419865e-05, 2.95549072e-06, 1.09074392e-05,
       4.91645525e-06])], [0.9229760316849485, array([2.06646559e-03, 3.18419865e-05, 2.95549072e-06, 1.09074392e-05,
       4.91645525e-06])]]]

after:

[[[0.068, 0], [10.149541146939256, array([2.67515000e-04, 1.43956402e-05, 3.45157120e-07, 1.08042926e-05])], [-3.2890407060212113e-07, array([2.67515000e-04, 1.43956402e-05, 3.45157120e-07, 1.08042926e-05])], [0.3140186658238046, array([2.67515000e-04, 1.43956402e-05, 3.45157120e-07, 1.08042926e-05])], [1.006454609624089, array([2.67515000e-04, 1.43956402e-05, 3.45157120e-07, 1.08042926e-05])]]]

camera:
[[[0.068, 0], [4.417706889909795, array([1.99689348e-04, 3.38192514e-07])], [0, 0], [0.4736001644703241, array([1.99689348e-04, 3.38192514e-07])], [0.83, 0]], [[0.068, 0], [5.195471139590482, array([1.97802924e-04, 3.52272355e-07])], [0, 0], [0.48763760767312947, array([1.97802924e-04, 3.52272355e-07])], [0.83, 0]]]

red: 
0:
[[[0.068, 0], [0.666504583475762, array([3.10242201e-05, 8.50950053e-06, 6.13533516e-05])], [0, 0], [0.4409406910167098, array([3.10242201e-05, 8.50950053e-06, 6.13533516e-05])], [-0.019266165103085424, array([3.10242201e-05, 8.50950053e-06, 6.13533516e-05])], [0.9, 0]]]

1:
[[[0.068, 0], [1.1495117049774215, array([5.51166945e-05, 1.01028195e-05, 5.59530759e-05])], [0, 0], [0.4914814205163268, array([5.51166945e-05, 1.01028195e-05, 5.59530759e-05])], [-0.2355173756639835, array([5.51166945e-05, 1.01028195e-05, 5.59530759e-05])], [0.9, 0]]]
2:
[[[0.068, 0], [1.2197929472511468, array([5.76882017e-05, 7.99290135e-06, 4.82252442e-05])], [0, 0], [0.44341838844516157, array(], [0.9, 0]]]
3:
[[[0.068, 0], [3.2177859442536576, array([1.96828187e-04, 1.14544366e-05])], [0, 0], [0.34080782169782153, array([1.96828187e-04, 1.14544366e-05])], [0, 0], [0.9, 0]]]
4:
[[[0.068, 0], [9.410961021269644, array([8.65727953e-04, 1.23575645e-05])], [0, 0], [0.24375162841468767, array([8.65727953e-04, 
1.23575645e-05])], [0, 0], [0.9, 0]]]



blue: 
0:
[[[0.068, 0], [0.14498999539177948, array([1.61827705e-05, 1.52113650e-06])], [0, 0], [0.40976063572325716, array([1.61827705e-05, 1.52113650e-06])], [0, 0], [0.9, 0]]]
1:
[[[0.068, 0], [1.3000306051492012, array([7.91773447e-05, 3.27071577e-06])], [0, 0], [0.4147928287042034, array([7.91773447e-05, 
3.27071577e-06])], [0, 0], [0.9, 0]]]
2:
?
3:
[[[0.068, 0], [1.5575690893804905, array([1.20275577e-04, 8.22446673e-06])], [0, 0], [0.3992664808181498, array([1.20275577e-04, 
8.22446673e-06])], [0, 0], [0.9, 0]]]
4:
[[[0.068, 0], [5.9937033924625265, array([5.20022778e-04, 5.80042140e-06])], [0, 0], [0.4297660362971482, array([5.20022778e-04, 
5.80042140e-06])], [0, 0], [0.9, 0]]]